1
50723
3.
3 93287324125724344065548448168614849380268138571491792910814219783760120798173
3024451252178827835423616694127635909727577510496053595494623211
4.
65537 75773457845199718486954872964428057482570995335113038715242201955906529343273
1902237031367008412510496932706733536257136375425706931156374105465872797626
5.
50071526986750979086040656827935205741370952072324912944395392908498180917147 75107290480126468629060985241902808612613088905305244407674677034080641463787
40299107338514404502450574468758890074136596823995633444460385118550813129163
