1.
59341
3.
3 51674937335246900428382143093344306683761121728918667222507707766636574886417
51093277015909060597198051109390625
4.
65537 69286134577246899236174909229130069262197473886051829179263792294441333605537
56638188982805541434810993513024567082168061758312013524404545250241101421880
5.
43696543653720653873897763902642928449201898017755253746570668893935683807659 65544815480580980810846645853964392674327778875152889097773153296673353587193
41318696177636845443451183168955305064699946432795076676996155315329349484826
