1.
36497
3.
3 53658395910830677279014083878881227420970637366393420001936313247358807174659
10744950927458131664396303525271753568642176077803
4.
65537 56144925973534107312693819748698900557457199761639817288878461507542871316337
42054716764010876747042341535923246190082639794599674975565750970399680652497
5.
46546557990181947963205658631693696962285122921904799163303394327506943325507 69819836985272921944808487947540545443966660096244421520298994041603569570289
58633239072831748515323630488105151521706770878920669518508081848051141031274
