1.
33211
3.
3 53261010677405470021766354625600652628946220143806193177956114012593424241397
616625765260719575780145543964800015182625
4.
65537 43402797003024128372796634490199933718377133882871710119228903252636806126659
4967014192323269917115640783136552383393524091579563829169166728326381900995
5.
30669003929241018761814520372199354396346011451056199110085489767849819384107 46003505893861528142721780558299031594948771466661443975333528149145154316763
20010251577306661500595354494818829887960187585803669600118763055858769598903
