1.
47057
3.
3 57978193340973369297108562701043535531241438035929130357155046000278533026851
38173844545078129948288269399042027
4.
65537 99186218111363243410101731962347422165625362610235773539276567172386926970801
90708548149730452313300412903982774660312730771591279987660619811707542185916
5.
52148070181988341913268990845820508970921070792029796935216266921913512716459 78222105272982512869903486268730763456941215588186365886388080785766717120773
7798302138285950505767097448918774136832954327394220746974628778518136883860
