1.
52639
3.
3 98917812447174152320911660114124203470630756525344993635633017823511152960709
48450328560898047302542113511939686715674872053039779535344224249
4.
65537 63927424026524100285511599659456942634266863415128734878964725288665173302389
33613736980528677967440170271621083768558656042774917141157007416887411052070
5.
44609756660745530266682661621460364954006554234670473331885071497622542499787 66914634991118295400023992432190547431542688014751976800362462873912959923139
52251287150052416668898277688272665066433253156181701330283696076503581483431
