1.
63079
3.
3 37386062049434900256037443508623318748753814612569840277854120419508766843023
426463887070522428375487415625613894747681
4.
65537 50198363198492354510796846792248778849154207577262255195939215967243214950367
17887767281603474295427299910264582824834805686489458772922224970590317665457
5.
68915707967092233714016724205907872801815457202766306899046387439954479168083 103373561950638350571025086308861809203366935441586383691348419905014873924061
47325451040894553143035341811924169794297859883472909852692863847232714906497
