1.
59233
3.
3 67975850058568555082769164753831213012263179865363080019845662378278370308627
48450141994699175440842009350839322037236917366731105473952978183
4.
65537 57644208662597525712983834749053956073081573122044967239099120366713536629603
34231448014630461877820692830580105371587857014288290284032345492328104816450
5.
49846917163736270209272688459213340553616273059056711653278928907374699810147 74770375745604405313909032688820010830971298593184852150680876399406103427297
37100074042601933465663592570687836295481882799783131684994082007161133677549
