1.
62653
3.
3 79982686678088103218738140681847135962460074410801123480380353476204002059633
625276106331532937069864335247208594542625
4.
65537 90887645603855155076465221752023737017190350900236998160177852931248194869443
84420985143671444335467296642495467865216600761466185242641986435784016297058
5.
33872929734300379164713003877183291441773952461880110624337022271846460635915 50809394601450568747069505815774937163115544332469302103121806500037994597481
25007771771465803535473145427171835273566219155694293073026203189244011500530
